Percurso: ['3', '7', '2', '1', '5', '6', '4', '9', '8', '3']
Distancia: 2820
Tempo: 25.030723

Percurso: ['3', '7', '2', '1', '5', '6', '4', '10', '9', '8', '3']
Distancia: 2826
Tempo: 266.857167

